Paper ID
4
5
12
16
17
19
31
33
50
55
60
68
80
88
89
92
99
100
108
109
117
135
143
145
153
155
156
158
177
190
191
194
197
208
214
219
220
226
229
236
239
242
256
257
260
270
278
281
282
292
300
302
306
325
329
332
340
348
365
366
369
370
387
389
390
391
392
396
409
410
423
430
435
438
440
444
454
462
473
474
476
484
494
496
503
513
514
515
522
545
552
556
576
577
584
586
593
598
602
609
622
629
635
642
647
648
651
662
666
673
674
675
677
686
695
698
699
704
707
710
718
719
727
740
743
747
750
759
762
764
774
778
787
797
802
808
810
821
823
829
830
833
838
843
846
848
851
856
858
859
864
866
869
906
916
921
934
948
949
952
956
963
964
974
977
984
992
993
1005
1006
1011
1019
1022
1023
1034
1038
1040
1043
1047
1050
1054
1060
1061
1062
1064
1065
1070
1073
1075
1077
1097
1098
1099
1103
1111
1113
1115
1127
1128
1134
1135
1140
1146
1151
1157
1165
1166
1167
1170
1173
1176
1182
1183
1185
1188
1191
1195
1197
1199
1202
1213
1218
1221
1222
1225
1227
1233
1235
1240
1246
1252
1257
1258
1260
1273
1274
1279
1290
1291
1294
1296
1298
1303
1306
1318
1324
1335
1345
1347
1358
1360
1365
1370
1371
1373
1381
1382
1388
1391
1393
1396
1399
1405
1409
1410
1418
1421
1423
1426
1427
1428
1429
1431
1437
1438
1439
1440
1441
1444
1453
1455
1456
1461
1462
1466
1470
1472
1476
1477
1489
1497
1500
1502
1503
1504
1510
1517
1519
1523
1525
1528
1530
1532
1535
1536
1554
1557
1558
1560
1562
1570
1574
1581
1584
1586
1593
1595
1597
1606
1607
1610
1617
1624
1628
1632
1637
1638
1642
1648
1651
1655
1670
1671
1673
1681
1682
1687
1692
1710
1711
1714
1717
1725
1726
1730
1735
1738
1745
1750
1758
1759
1766
1769
1770
1771
1773
1777
1781
1782
1785
1786
1787
1789
1798
1800
1810
1824
1828
1834
1835
1843
1847
1848
1853
1855
1863
1867
1870
1875
1881
1884
1887
1891
1892
1894
1899
1903
1910
1911
1915
1920
1927
1929
1931
1932
1935
1936
1937
1938
1943
1944
1959
1961
1962
1964
1968
1970
1981
1983
1989
1990
1994
1995
1997
1998
1999
2003
2011
2016
2017
2019
2027
2029
2031
2043
2048
2050
2059
2066
2072
2078
2089
2104
2110
2119
2124
2125
2128
2131
2137
2138
2139
2140
2154
2161
2180
2188
2205
2206
2207
2208
2212
2219
2230
2239
2248
2258
2262
2273
2278
2284
2286
2292
2293
2298
2305
2306
2310
2315
2318
2319
2320
2328
2330
2331
2333
2334
2336
2338
2345
2348
2349
2368
2374
2377
2380
2392
2401
2408
2421
2423
2426
2427
2432
2439
2440
2444
2446
2447
2448
2452
2454
2455
2459
2460
2466
2468
2471
2483
2485
2491
2492
2493
2494
2503
2506
2512
2513
2525
2527
2532
2537
2555
2556
2557
2562
2572
2575
2579
2589
2591
2596
2597
2599
2601
2605
2609
2619
2623
2635
2649
2651
2656
2657
2658
2659
2669
2672
2674
2676
2677
2693
2699
2705
2710
2711
2722
2725
2726
2729
2730
2738
2746
2752
2754
2758
2786
2791
2793
2795
2799
2807
2818
2823
2829
2840
2843
2856
2857
2859
2860
2861
2867
2873
2878
2886
2888
2901
2905
2907
2922
2927
2931
2932
2944
2950
2951
2953
2957
2958
2969
2971
2973
2980
2984
2985
2992
2993
2996
2998
2999
3007
3013
3020
3025
3040
3041
3042
3056
3060
3061
3062
3069
3073
3074
3081
3083
3091
3097
3102
3106
3107
3109
3110
3119
3121
3124
3128
3129
3132
3139
3140
3142
3147
3151
3159
3171
3177
3179
3190
3193
3198
3199
3203
3211
3213
3223
3227
3230
3233
3244
3250
3253
3255
3256
3257
3258
3260
3269
3270
3273
3287
3294
3306
3310
3312
3315
3323
3324
3325
3330
3333
3335
3336
3339
3342
3351
3356
3360
3371
3375
3379
3380
3386
3387
3391
3398
3399
3404
3406
3416
3419
3421
3422
3427
3429
3437
3439
3440
3441
3443
3444
3450
3451
3454
3455
3456
3466
3467
3468
3469
3471
3473
3475
3482
3483
3486
3487
3495
3497
3503
3505
3517
3521
3522
3524
3533
3540
3543
3544
3547
3566
3573
3580
3583
3587
3594
3595
3603
3605
3614
3619
3623
3627
3628
3631
3633
3640
3645
3646
3652
3654
3655
3657
3659
3667
3668
3670
3681
3682
3684
3689
3692
3702
3708
3709
3710
3721
3727
3737
3740
3742
3745
3746
3747
3750
3760
3768
3770
3773
3784
3787
3796
3798
3811
3815
3816
3820
3821
3828
3841
3844
3846
3848
3854
3858
3859
3864
3871
3873
3875
3877
3878
3883
3885
3890
3898
3908
3909
3912
3913
3916
3924
3925
3926
3927
3929
3941
3943
3948
3951
3955
3959
3961
3963
3965
3967
3976
3977
3983
3997
3999
4003
4006
4012
4013
4014
4016
4018
4024
4029
4043
4047
4050
4057
4062
4070
4080
4087
4089
4090
4092
4099
4104
4106
4107
4115
4117
4122
4128
4129
4131
4153
4157
4159
4167
4171
4178
4179
4180
4183
4185
4186
4200
4204
4206
4215
4220
4223
4225
4235
4238
4246
4250
4258
4261
4277
4284
4295
4302
4311
4313
4331
4334
4338
4341
4345
4363
4364
4366
4371
4378
4381
4384
4385
4388
4390
4396
4406
4419
4421
4423
4436
4442
4443
4450
4452
4463
4472
4478
4482
4483
4499
4522
4526
4531
4535
4550
4558
4560
4562
4586
4595
4603
4606
4610
4624
4625
4628
4635
4645
4648
4649
4657
4658
4666
4674
4675
4678
4679
4685
4686
4692
4694
4701
4705
4706
4722
4725
4727
4732
4740
4744
4749
4750
4753
4754
4755
4761
4765
4769
4780
4781
4783
4789
4791
4802
4806
4814
4818
4819
4829
4833
4836
4837
4838
4841
4851
4854
4855
4863
4874
4878
4880
4882
4887
4890
4897
4898
4903
4904
4906
4908
4914
4917
4919
4920
4943
4944
4946
4951
4955
4965
4967
4973
4975
4977
4984
4987
4994
4999
5009
5017
5027
5028
5032
5033
5042
5052
5055
5072
5078
5081
5090
5096
5104
5106
5126
5128
5137
5141
5156
5163
5165
5176
5177
5180
5185
5193
5194
5199
5206
5207
5208
5215
5227
5230
5238
5242
5245
5248
5256
5263
5278
5285
5286
5287
5293
5294
5297
5304
5310
5318
5319
5321
5331
5332
5341
5348
5352
5353
5356
5369
5370
5379
5380
5401
5422
5426
5428
5430
5442
5458
5462
5468
5488
5499
5502
5508
5509
5518
5526
5529
5538
5541
5549
5558
5560
5561
5565
5571
5575
5576
5582
5591
5592
5596
5608
5609
5612
5616
5655
5661
5669
5671
5677
5694
5712
5720
5721
5728
5730
5734
5745
5748
5758
5766
5792
5796
5803
5805
5807
5817
5828
5842
5847
5851
5852
5863
5874
5878
5879
5882
5895
5904
5905
5911
5921
5924
5932
5939
5940
5944
5947
5953
5957
5959
5972
5986
5988
5993
5995
6014
6020
6022
6024
6028
6040
6049
6075
6085
6090
6096
6102
6103
6105
6115
6117
6119
6129
6148
6155
6169
6172
6173
6180
6183
6188
6191
6203
6218
6223
6226
6240
6246
6250
6251
6264
6265
6276
6280
6287
6289
6308
6318
6322
6327
6328
6332
6334
6340
6347
6348
6349
6354
6365
6366
6374
6375
6376
6388
6423
6431
6433
6439
6455
6459
6477
6484
6493
6500
6510
6528
6535
6538
6541
6564
6570
6575
6589
6592
6610
6629
6633
6639
6640
6646
6650
6653
6679
6687
6696
6731
6749
6756
6770
6803
6807
6817
6834
6887
6902
6930
6933
6940
6947
6954
6964
6970
6976
6981
7000
7021
7022
7048
7061
7079
7086
7112
7172